59.857096354166664 10.763411458333334
59.87421875 10.780143229166667
59.887044270833336 10.77890625
59.876302083333336 10.761458333333334
59.861653645833336 10.748502604166667
59.86484375 10.7828125
59.894205729166664 10.746940104166667
59.85768229166667 10.783072916666667
59.872981770833334 10.75859375
59.869466145833336 10.779427083333333
59.91223958333333 10.7654296875
59.87571614583333 10.749609375
59.8646484375 10.754231770833334
59.858984375 10.777864583333333
59.8873046875 10.786263020833333
59.911783854166664 10.766276041666666
59.89296875 10.754296875
59.85852864583333 10.747330729166666
59.87584635416667 10.7646484375
59.868229166666666 10.754427083333333
59.86608072916667 10.772135416666666
59.884765625 10.744986979166667
59.86145833333333 10.748567708333333
59.8671875 10.779817708333333
59.8640625 10.736979166666666
59.85950520833333 10.762369791666666
59.87766927083333 10.774869791666667
59.8607421875 10.767317708333334
59.8794921875 10.7490234375
59.87447916666667 10.744986979166667
59.86861979166667 10.771940104166667
59.8669921875 10.764973958333334
59.88014322916667 10.7544921875
59.895833333333336 10.742643229166667
59.89772135416667 10.781901041666666
59.89537760416667 10.779557291666666
59.862239583333334 10.760221354166667
59.902018229166664 10.747395833333334
59.9005859375 10.743098958333333
59.86328125 10.776171875
59.90794270833333 10.753580729166666
59.8755859375 10.781380208333333
59.858984375 10.755143229166666
59.88548177083333 10.7626953125
59.8955078125 10.748763020833334
59.9 10.747591145833333
59.89596354166667 10.7814453125
59.89817708333333 10.7818359375
59.86009114583333 10.762044270833334
59.87734375 10.749348958333334
59.872135416666666 10.778776041666667
59.882747395833334 10.776106770833334
59.8771484375 10.781705729166667
59.8734375 10.77890625
59.85716145833333 10.736263020833333
59.898372395833334 10.7814453125
59.86705729166667 10.7578125
59.861263020833334 10.761197916666667
59.89407552083333 10.747135416666667
59.910221354166666 10.753776041666667
59.867838541666664 10.759049479166666
59.874088541666666 10.7791015625
59.9009765625 10.782161458333333
59.894140625 10.746940104166667
59.85546875 10.784765625
59.862955729166664 10.7826171875
59.886783854166666 10.749479166666667
59.86484375 10.759309895833333
59.883854166666666 10.782486979166666
59.863671875 10.7486328125
59.8841796875 10.746549479166667
59.862890625 10.774674479166666
59.8564453125 10.750716145833334
59.86796875 10.761653645833333
59.883854166666666 10.761002604166666
59.8791015625 10.767578125
59.891276041666664 10.74375
59.875651041666664 10.774934895833333
59.89381510416667 10.7853515625
59.913020833333334 10.766471354166667
59.8861328125 10.750325520833334
59.86875 10.773567708333333
59.88359375 10.745182291666667
59.89270833333333 10.747135416666667
59.86888020833333 10.7712890625
59.8751953125 10.764388020833334
59.881770833333334 10.761263020833333
59.88951822916667 10.787044270833333
59.89427083333333 10.746875
59.88502604166667 10.776236979166667
59.856640625 10.736197916666667
59.911197916666666 10.756510416666666
59.900325520833334 10.783333333333333
59.86171875 10.762044270833334
59.86380208333333 10.7697265625
59.856770833333336 10.763671875
59.899739583333336 10.782486979166666
59.8556640625 10.747200520833333
59.9041015625 10.750846354166667
59.89986979166667 10.7484375
59.90234375 10.783333333333333
59.872005208333334 10.779557291666666
59.888997395833336 10.7859375
59.876041666666666 10.779557291666666
59.8826171875 10.777213541666667
59.88294270833333 10.761783854166667
59.8583984375 10.783268229166667
59.9017578125 10.7494140625
59.857421875 10.784635416666667
59.891666666666666 10.786002604166667
59.8732421875 10.758138020833334
59.89537760416667 10.7423828125
59.89954427083333 10.7486328125
59.8822265625 10.765234375
59.874088541666666 10.773763020833334
59.856510416666666 10.7369140625
59.866796875 10.7708984375
59.900716145833336 10.7453125
59.88111979166667 10.745768229166666
59.865234375 10.776497395833333
59.9017578125 10.7498046875
59.894205729166664 10.743880208333334
59.865299479166666 10.780208333333333
59.86966145833333 10.738216145833333
59.875325520833336 10.7669921875
59.86803385416667 10.768880208333334
59.8607421875 10.783268229166667
59.90794270833333 10.752669270833334
59.89505208333333 10.779622395833334
59.8587890625 10.7669921875
59.8703125 10.770638020833333
59.872721354166664 10.742122395833333
59.87428385416667 10.7732421875
59.8865234375 10.750520833333333
59.85690104166667 10.7849609375
59.883854166666666 10.751627604166666
59.9052734375 10.778580729166666
59.87682291666667 10.7794921875
59.89772135416667 10.783463541666666
59.867252604166666 10.759440104166666
59.86061197916667 10.760677083333333
59.87610677083333 10.757291666666667
59.887630208333334 10.786393229166666
59.87389322916667 10.744791666666666
59.8689453125 10.749739583333334
59.88463541666667 10.761393229166666
59.89283854166667 10.741861979166666
59.86796875 10.767643229166667
59.896484375 10.747526041666667
59.870182291666666 10.7599609375
59.89342447916667 10.785481770833334
59.8728515625 10.755989583333333
59.868489583333336 10.7609375
59.9087890625 10.774544270833333
59.911328125 10.770703125
59.894466145833334 10.781315104166667
59.874088541666666 10.778645833333334
59.87571614583333 10.747591145833333
59.89986979166667 10.7431640625
59.86868489583333 10.768815104166666
59.864583333333336 10.761197916666667
59.86373697916667 10.769791666666666
59.8796875 10.755989583333333
59.85826822916667 10.7767578125
59.909830729166664 10.756575520833334
59.91393229166667 10.765755208333333
59.90305989583333 10.7494140625
59.89407552083333 10.769140625
59.89609375 10.742252604166667
59.862239583333334 10.752994791666667
59.884700520833334 10.763802083333333
59.88157552083333 10.760807291666667
59.886393229166664 10.7513671875
59.91139322916667 10.7607421875
59.8744140625 10.7791015625
59.897135416666664 10.783333333333333
59.8916015625 10.779166666666667
59.891536458333334 10.780794270833333
59.877734375 10.747786458333334
59.890950520833336 10.785546875
59.864192708333334 10.769661458333333
59.8634765625 10.783333333333333
59.888346354166664 10.780208333333333
59.86790364583333 10.7490234375
59.8572265625 10.751302083333334
59.869466145833336 10.739908854166666
59.862239583333334 10.737890625
59.8732421875 10.7798828125
59.85885416666667 10.753645833333334
59.885416666666664 10.783658854166667
59.88880208333333 10.760611979166667
59.8755859375 10.773111979166666
59.91067708333333 10.770833333333334
59.9138671875 10.764583333333333
59.859309895833334 10.747135416666667
59.87421875 10.779166666666667
59.884765625 10.7830078125
59.85865885416667 10.7681640625
59.89635416666667 10.785221354166667
59.86731770833333 10.758072916666666
59.88821614583333 10.7796875
59.87428385416667 10.755533854166666
59.873111979166666 10.740559895833334
59.8703125 10.740950520833334
59.859700520833336 10.748307291666666
59.87428385416667 10.749348958333334
59.87063802083333 10.757356770833333
59.903645833333336 10.778190104166667
59.8974609375 10.743229166666667
59.866145833333334 10.7685546875
59.86803385416667 10.772200520833334
59.91328125 10.762630208333333
59.88404947916667 10.7453125
59.86373697916667 10.749283854166666
59.85859375 10.7828125
59.89563802083333 10.7478515625
59.86888020833333 10.78125
59.864908854166664 10.759700520833333
59.883203125 10.7845703125
59.876171875 10.762109375
59.861263020833334 10.736393229166667
59.86705729166667 10.763932291666666
59.894596354166666 10.7845703125
59.90390625 10.780013020833334
59.8755859375 10.774348958333333
59.8681640625 10.7392578125
59.906184895833334 10.751236979166666
59.90403645833333 10.781705729166667
59.912434895833336 10.7599609375
59.8693359375 10.758854166666667
59.89329427083333 10.780143229166667
59.887044270833336 10.7869140625
59.85865885416667 10.765104166666667
59.8763671875 10.747721354166666
59.85924479166667 10.753580729166666
59.873697916666664 10.759440104166666
59.8775390625 10.7748046875
59.86015625 10.737434895833333
59.89401041666667 10.7689453125
59.87180989583333 10.780533854166666
59.866536458333336 10.760611979166667
59.91184895833333 10.7640625
59.898046875 10.780794270833333
59.87747395833333 10.7630859375
59.880924479166666 10.766015625
59.86373697916667 10.748046875
59.873828125 10.745377604166666
59.86842447916667 10.771875
59.8783203125 10.747526041666667
59.899739583333336 10.781119791666667
59.86373697916667 10.7380859375
59.87740885416667 10.781705729166667
59.877018229166666 10.765299479166666
59.868098958333334 10.77578125
59.887369791666664 10.7849609375
59.879817708333334 10.747330729166666
59.89986979166667 10.782682291666667
59.876627604166664 10.763932291666666
59.87154947916667 10.78046875
59.8900390625 10.744205729166667
59.91282552083333 10.768424479166667
59.865234375 10.781575520833334
59.876041666666666 10.781315104166667
59.86829427083333 10.7642578125
59.902669270833336 10.78046875
59.8755859375 10.7490234375
59.86666666666667 10.737239583333333
59.892513020833334 10.742057291666667
59.87122395833333 10.772591145833333
59.862239583333334 10.782161458333333
59.86575520833333 10.770377604166667
59.8748046875 10.748111979166667
59.875 10.746158854166667
59.8814453125 10.776106770833334
59.89296875 10.747200520833333
59.8654296875 10.770247395833334
59.858333333333334 10.766796875
59.87734375 10.756575520833334
59.862955729166664 10.7689453125
59.85852864583333 10.777213541666667
59.87708333333333 10.755598958333334
59.888997395833336 10.749869791666667
59.872721354166664 10.772786458333334
59.876953125 10.762565104166667
59.90149739583333 10.744075520833333
59.896809895833336 10.74765625
59.906901041666664 10.7783203125
59.85983072916667 10.766666666666667
59.8685546875 10.771028645833333
59.8603515625 10.776302083333333
59.90149739583333 10.78359375
59.869075520833334 10.760546875
59.86282552083333 10.774934895833333
59.8908203125 10.784830729166666
59.9111328125 10.772395833333333
59.880924479166666 10.766471354166667
59.87721354166667 10.758072916666666
59.912109375 10.7623046875
59.8599609375 10.782356770833333
59.8599609375 10.749283854166666
59.8595703125 10.780859375
59.890234375 10.784895833333334
59.904231770833334 10.778515625
59.85657552083333 10.765169270833333
59.87154947916667 10.7494140625
59.87747395833333 10.767252604166666
59.887044270833336 10.777408854166667
59.8744140625 10.779231770833333
59.885091145833336 10.7787109375
59.860677083333336 10.767578125
59.8666015625 10.774934895833333
59.856640625 10.7794921875
59.903125 10.75
59.88196614583333 10.764583333333333
59.88125 10.766861979166666
59.8935546875 10.7435546875
59.88131510416667 10.747916666666667
59.89733072916667 10.7419921875
59.87415364583333 10.773763020833334
59.91223958333333 10.770768229166666
59.8892578125 10.786588541666667
59.87083333333333 10.7732421875
59.91197916666667 10.759895833333333
59.85983072916667 10.7818359375
59.91197916666667 10.759114583333334
59.8712890625 10.740755208333333
59.86549479166667 10.7763671875
59.8671875 10.755598958333334
59.89537760416667 10.7802734375
59.86959635416667 10.775520833333333
59.882421875 10.7666015625
59.87278645833333 10.743880208333334
59.85983072916667 10.7634765625
59.886393229166664 10.7455078125
59.87154947916667 10.741927083333334
59.862890625 10.782486979166666
59.880533854166664 10.774153645833334
59.858203125 10.763606770833333
59.87747395833333 10.761979166666666
59.8638671875 10.769140625
59.908528645833336 10.776692708333334
59.867513020833336 10.736979166666666
59.868359375 10.780533854166666
59.90149739583333 10.744986979166667
59.85787760416667 10.736263020833333
59.89375 10.756380208333333
59.90182291666667 10.743619791666667
59.869140625 10.7796875
59.89915364583333 10.781315104166667
59.907421875 10.775520833333333
59.894466145833334 10.785611979166667
59.87962239583333 10.755794270833333
59.88600260416667 10.784244791666667
59.861263020833334 10.781705729166667
59.91041666666667 10.7556640625
59.890625 10.748567708333333
59.863671875 10.738216145833333
59.8888671875 10.748046875
59.87942708333333 10.748372395833334
59.88033854166667 10.780859375
59.86328125 10.7533203125
59.88619791666667 10.778255208333333
59.877018229166666 10.765234375
59.864583333333336 10.754231770833334
59.85813802083333 10.764583333333333
59.887044270833336 10.785091145833333
59.87890625 10.760807291666667
59.889713541666666 10.748958333333333
59.900716145833336 10.744791666666666
59.85768229166667 10.750455729166667
59.86842447916667 10.773372395833333
59.868359375 10.7751953125
59.91100260416667 10.7734375
59.863216145833334 10.760872395833333
59.9041015625 10.7509765625
59.89498697916667 10.743489583333334
59.86595052083333 10.7591796875
59.87161458333333 10.774934895833333
59.889713541666666 10.785872395833334
59.870442708333336 10.758528645833334
59.857747395833336 10.7486328125
59.87109375 10.7794921875
59.90846354166667 10.753190104166666
59.8576171875 10.736328125
59.883138020833336 10.744661458333333
59.906901041666664 10.775520833333333
59.857421875 10.737565104166666
59.87063802083333 10.754036458333333
59.88352864583333 10.784505208333334
59.882486979166664 10.7521484375
59.888606770833334 10.761328125
59.87220052083333 10.774283854166667
59.8947265625 10.748828125
59.90846354166667 10.776627604166666
59.877994791666666 10.762109375
59.911197916666666 10.759114583333334
59.887044270833336 10.778515625
59.85696614583333 10.735546875
59.87109375 10.739778645833333
59.892643229166666 10.756510416666666
59.88203125 10.7474609375
59.858463541666666 10.737109375
59.87161458333333 10.749934895833333
59.89700520833333 10.74765625
59.86634114583333 10.753776041666667
59.87734375 10.766861979166666
59.88001302083333 10.781705729166667
59.902669270833336 10.780143229166667
59.8705078125 10.754296875
59.889973958333336 10.780338541666667
59.88489583333333 10.762109375
59.858333333333334 10.7677734375
59.859700520833336 10.767057291666667
59.869466145833336 10.749869791666667
59.89016927083333 10.78046875
59.87428385416667 10.77890625
59.91282552083333 10.7677734375
59.913151041666666 10.764453125
59.888671875 10.7662109375
59.874934895833334 10.75
59.86015625 10.7478515625
59.865234375 10.755013020833333
59.86790364583333 10.767513020833333
59.887369791666664 10.750130208333333
59.88723958333333 10.777669270833334
59.8630859375 10.7359375
59.8677734375 10.737890625
59.875911458333334 10.765299479166666
59.90696614583333 10.7755859375
59.86412760416667 10.780533854166666
59.85598958333333 10.751236979166666
59.882161458333336 10.7828125
59.8580078125 10.783072916666667
59.88938802083333 10.784765625
59.874934895833334 10.743880208333334
59.884440104166664 10.746158854166667
59.8880859375 10.766731770833333
59.876888020833334 10.758528645833334
59.859440104166666 10.735611979166666
59.88404947916667 10.765494791666667
59.881640625 10.762630208333333
59.882877604166666 10.775911458333333
59.89856770833333 10.783854166666666
59.86829427083333 10.749609375
59.8751953125 10.756184895833334
59.873046875 10.7451171875
59.87109375 10.748763020833334
59.902669270833336 10.7466796875
59.86790364583333 10.758138020833334
59.9111328125 10.7572265625
59.86692708333333 10.763671875
59.87845052083333 10.757356770833333
59.88001302083333 10.765625
59.879947916666666 10.766145833333333
59.8640625 10.776497395833333
59.85983072916667 10.783919270833334
59.87942708333333 10.7630859375
59.898763020833336 10.78515625
59.8673828125 10.748697916666666
59.874088541666666 10.780143229166667
59.88424479166667 10.752213541666666
59.866145833333334 10.749674479166666
59.8859375 10.751041666666667
59.877278645833336 10.7728515625
59.878971354166666 10.755598958333334
59.87278645833333 10.744856770833334
59.856119791666664 10.7369140625
59.858984375 10.781966145833334
59.8671875 10.769596354166667
59.871875 10.755403645833333
59.869205729166666 10.75546875
59.91263020833333 10.769075520833333
59.884830729166666 10.751497395833333
59.881640625 10.762239583333333
59.86705729166667 10.760872395833333
59.87428385416667 10.747981770833333
59.8556640625 10.7494140625
59.891796875 10.742252604166667
59.86927083333333 10.740234375
59.87845052083333 10.7806640625
59.8951171875 10.748111979166667
59.85891927083333 10.7662109375
59.8822265625 10.761067708333334
59.8732421875 10.772786458333334
59.91328125 10.760416666666666
59.858463541666666 10.747786458333334
59.86048177083333 10.762174479166667
59.869140625 10.761197916666667
59.894205729166664 10.768619791666667
59.893880208333336 10.7697265625
59.86940104166667 10.754361979166667
59.89016927083333 10.748567708333333
59.89661458333333 10.781966145833334
59.89694010416667 10.743684895833333
59.892578125 10.7478515625
59.888736979166666 10.784765625
59.8896484375 10.785872395833334
59.873697916666664 10.743294270833333
59.891276041666664 10.779752604166667
59.8765625 10.781315104166667
59.892252604166664 10.785872395833334
59.89661458333333 10.780729166666667
59.86608072916667 10.7701171875
59.8974609375 10.742708333333333
59.90481770833333 10.777864583333333
59.886783854166666 10.74921875
59.8638671875 10.770442708333333
59.88131510416667 10.774674479166666
59.902734375 10.749934895833333
59.910807291666664 10.7724609375
59.88235677083333 10.776432291666667
59.85657552083333 10.737565104166666
59.9107421875 10.772786458333334
59.8921875 10.74921875
59.8705078125 10.781184895833333
59.91041666666667 10.7568359375
59.86009114583333 10.769140625
59.86842447916667 10.763020833333334
59.874088541666666 10.745247395833333
59.8875 10.779166666666667
59.9044921875 10.779296875
59.87083333333333 10.740625
59.90403645833333 10.745703125
59.88359375 10.754361979166667
59.87317708333333 10.748697916666666
59.88014322916667 10.748372395833334
59.8595703125 10.780208333333333
59.85891927083333 10.778776041666667
59.857096354166664 10.751041666666667
59.856510416666666 10.778971354166666
59.894856770833336 10.7421875
59.8591796875 10.784635416666667
59.87252604166667 10.773893229166667
59.880533854166664 10.7556640625
59.86217447916667 10.769401041666667
59.906901041666664 10.7763671875
59.881770833333334 10.746940104166667
59.8658203125 10.776171875
59.87037760416667 10.754166666666666
59.8916015625 10.780208333333333
59.86048177083333 10.762369791666666
59.9037109375 10.7470703125
59.89453125 10.781640625
59.89889322916667 10.784375
59.90970052083333 10.7537109375
59.85716145833333 10.784635416666667
59.8916015625 10.7439453125
59.86692708333333 10.7369140625
59.85865885416667 10.765559895833333
59.86861979166667 10.774674479166666
59.865299479166666 10.7701171875
59.8865234375 10.779166666666667
59.870052083333334 10.757747395833333
59.8728515625 10.744466145833334
59.89401041666667 10.769596354166667
59.86256510416667 10.761783854166667
59.86087239583333 10.754361979166667
59.8583984375 10.751692708333334
59.89147135416667 10.78671875
59.899609375 10.781119791666667
59.8978515625 10.783854166666666
59.87610677083333 10.779296875
59.869791666666664 10.759895833333333
59.895833333333336 10.784700520833333
59.85787760416667 10.783723958333333
59.911067708333334 10.76875
59.865299479166666 10.753515625
59.909505208333336 10.772330729166667
59.879231770833336 10.761979166666666
59.876041666666666 10.7744140625
59.86888020833333 10.780924479166666
59.88365885416667 10.765234375
59.8697265625 10.74765625
59.875911458333334 10.765755208333333
59.895182291666664 10.780143229166667
59.85657552083333 10.777994791666666
59.9044921875 10.7796875
59.9099609375 10.7560546875
59.89602864583333 10.781640625
59.8841796875 10.7533203125
59.912434895833336 10.757682291666667
59.872135416666666 10.772916666666667
59.9009765625 10.779622395833334
59.904231770833334 10.7818359375
59.89329427083333 10.779622395833334
59.8583984375 10.776822916666667
59.87428385416667 10.774153645833334
59.885677083333334 10.7837890625
59.88404947916667 10.745377604166666
59.890690104166666 10.786197916666667
59.864192708333334 10.760286458333333
59.85716145833333 10.766861979166666
59.86705729166667 10.775325520833333
59.898502604166666 10.747591145833333
59.8677734375 10.772265625
59.8625 10.7375
59.90305989583333 10.749153645833333
59.91165364583333 10.764908854166666
59.860286458333334 10.768684895833333
59.90247395833333 10.78203125
59.85794270833333 10.736197916666667
59.873372395833336 10.755598958333334
59.911458333333336 10.757161458333334
59.86595052083333 10.775520833333333
59.8630859375 10.768880208333334
59.87037760416667 10.740625
59.866015625 10.770963541666667
59.86569010416667 10.774934895833333
59.90319010416667 10.779231770833333
59.912890625 10.7599609375
59.862890625 10.754947916666667
59.86087239583333 10.776302083333333
59.89466145833333 10.74140625
59.90052083333333 10.783072916666667
59.91223958333333 10.7701171875
59.878841145833334 10.761263020833333
59.87708333333333 10.7751953125
59.88326822916667 10.763997395833334
59.89498697916667 10.784830729166666
59.888606770833334 10.779427083333333
59.8837890625 10.7451171875
59.9015625 10.7458984375
59.8609375 10.775846354166667
59.8595703125 10.763606770833333
59.872265625 10.754231770833334
59.85592447916667 10.7361328125
59.88333333333333 10.777473958333333
59.87721354166667 10.7740234375
59.87552083333333 10.762174479166667
59.878515625 10.765885416666666
59.8849609375 10.7787109375
59.875 10.758984375
59.89134114583333 10.78515625
59.911328125 10.7568359375
59.901432291666666 10.749153645833333
59.86705729166667 10.769466145833333
59.85657552083333 10.763997395833334
59.885807291666666 10.745963541666667
59.88841145833333 10.761328125
59.87376302083333 10.7572265625
59.867578125 10.755078125
59.8876953125 10.7509765625
59.88854166666667 10.786067708333333
59.88404947916667 10.752669270833334
59.88391927083333 10.7662109375
59.8916015625 10.74765625
59.87845052083333 10.780729166666667
59.8576171875 10.7359375
59.88515625 10.745182291666667
59.87513020833333 10.763411458333334
59.867838541666664 10.749934895833333
59.88040364583333 10.7607421875
59.86666666666667 10.754427083333333
59.8947265625 10.76953125
59.858203125 10.748893229166667
59.8884765625 10.749088541666667
59.857421875 10.748697916666666
59.889973958333336 10.786458333333334
59.8998046875 10.779817708333333
59.90162760416667 10.783723958333333
59.85690104166667 10.749674479166666
59.8765625 10.767447916666667
59.8708984375 10.780989583333334
59.89036458333333 10.750065104166667
59.86178385416667 10.769661458333333
59.8728515625 10.743098958333333
59.859765625 10.747916666666667
59.859765625 10.7671875
59.862109375 10.770377604166667
59.91223958333333 10.759635416666667
59.8955078125 10.742122395833333
59.8951171875 10.769921875
59.898828125 10.7798828125
59.86647135416667 10.772591145833333
59.9126953125 10.769401041666667
59.868359375 10.77109375
59.87057291666667 10.771028645833333
59.861979166666664 10.736197916666667
59.880533854166664 10.783528645833334
59.90514322916667 10.749283854166666
59.8701171875 10.747981770833333
59.87864583333333 10.748763020833334
59.87330729166667 10.780533854166666
59.866276041666666 10.754752604166667
59.90677083333333 10.750065104166667
59.85911458333333 10.74765625
59.906901041666664 10.775260416666667
59.883463541666664 10.765104166666667
59.87936197916667 10.755794270833333
59.857747395833336 10.778059895833334
59.88815104166667 10.748893229166667
59.879231770833336 10.767447916666667
59.865169270833334 10.774739583333334
59.90260416666667 10.7796875
59.85989583333333 10.7375
59.8720703125 10.779166666666667
59.91171875 10.770963541666667
59.87845052083333 10.76171875
59.88619791666667 10.784765625
59.88522135416667 10.744010416666667
59.85787760416667 10.7763671875
59.889322916666664 10.7853515625
59.908528645833336 10.7548828125
59.912174479166666 10.761848958333333
59.892903645833336 10.749348958333334
59.896549479166666 10.742838541666666
59.863671875 10.775
59.85716145833333 10.785221354166667
59.8791015625 10.7470703125
59.91139322916667 10.7595703125
59.8625 10.753580729166666
59.8599609375 10.768489583333333
59.87513020833333 10.748567708333333
59.8716796875 10.740950520833334
59.877604166666664 10.75625
59.87649739583333 10.774544270833333
59.9078125 10.7767578125
59.8779296875 10.756315104166667
59.874609375 10.765234375
59.860546875 10.768684895833333
59.8564453125 10.751627604166666
59.861002604166664 10.760611979166667
59.86790364583333 10.748828125
59.87571614583333 10.774153645833334
59.9111328125 10.7677734375
59.88854166666667 10.7609375
59.869466145833336 10.750065104166667
59.904361979166666 10.750846354166667
59.878515625 10.766145833333333
59.87376302083333 10.747265625
59.86145833333333 10.7826171875
59.86106770833333 10.747916666666667
59.86829427083333 10.775390625
59.89231770833333 10.784244791666667
59.876302083333336 10.75
59.864583333333336 10.7703125
59.88072916666667 10.747526041666667
59.88404947916667 10.764192708333333
59.878580729166664 10.773828125
59.870442708333336 10.779752604166667
59.90305989583333 10.74921875
59.8921875 10.7556640625
59.87057291666667 10.7576171875
59.866796875 10.760221354166667
59.87740885416667 10.757486979166666
59.88326822916667 10.7779296875
59.90247395833333 10.780859375
59.901041666666664 10.745052083333333
59.87447916666667 10.763151041666667
59.902278645833334 10.779166666666667
59.8572265625 10.7466796875
59.8703125 10.780794270833333
59.86764322916667 10.7609375
59.86022135416667 10.736458333333333
59.85865885416667 10.754752604166667
59.86412760416667 10.770638020833333
59.85885416666667 10.747005208333333
59.912109375 10.760091145833334
59.901041666666664 10.743229166666667
59.903125 10.7814453125
59.87649739583333 10.7587890625
59.86842447916667 10.770377604166667
59.89537760416667 10.781510416666666
59.91263020833333 10.767122395833333
59.90390625 10.74921875
59.902278645833334 10.781380208333333
59.874088541666666 10.747395833333334
59.87037760416667 10.7591796875
59.891666666666666 10.779557291666666
59.8619140625 10.777213541666667
59.903255208333334 10.746484375
59.88424479166667 10.776822916666667
59.8666015625 10.772265625
59.8765625 10.7744140625
59.898372395833334 10.7427734375
59.864192708333334 10.738411458333333
59.857486979166666 10.7521484375
59.902408854166666 10.749609375
59.858723958333336 10.746809895833334
59.89498697916667 10.7484375
59.860416666666666 10.737760416666667
59.877018229166666 10.767708333333333
59.85755208333333 10.737109375
59.88626302083333 10.7861328125
59.87486979166667 10.756575520833334
59.859440104166666 10.7361328125
59.8763671875 10.767643229166667
59.88697916666667 10.786263020833333
59.86282552083333 10.7755859375
59.8798828125 10.762434895833334
59.859375 10.762434895833334
59.87122395833333 10.771028645833333
59.9125 10.76171875
59.87194010416667 10.755143229166666
59.883854166666666 10.753515625
59.86484375 10.754817708333333
59.891015625 10.78046875
59.8759765625 10.764583333333333
59.857356770833334 10.751692708333334
59.886783854166666 10.750260416666666
59.89368489583333 10.779361979166667
59.8869140625 10.785091145833333
59.913151041666666 10.768815104166666
59.889583333333334 10.7669921875
59.878971354166666 10.775520833333333
59.89296875 10.7419921875
59.898763020833336 10.782747395833333
59.86536458333333 10.7806640625
59.88502604166667 10.779036458333334
59.88782552083333 10.744986979166667
59.881901041666666 10.761979166666666
59.876888020833334 10.7498046875
59.8564453125 10.752669270833334
59.8830078125 10.753450520833333
59.88046875 10.762955729166666
59.862369791666666 10.777278645833333
59.8728515625 10.740950520833334
59.876302083333336 10.772591145833333
59.90970052083333 10.774739583333334
59.913151041666666 10.761002604166666
59.87571614583333 10.758919270833333
59.8828125 10.752799479166667
59.911067708333334 10.767903645833334
59.86634114583333 10.767057291666667
59.8935546875 10.770703125
59.9046875 10.748697916666666
59.89453125 10.770963541666667
59.86796875 10.766666666666667
59.876041666666666 10.755403645833333
59.9111328125 10.754817708333333
59.8646484375 10.737434895833333
59.86178385416667 10.76171875
59.89986979166667 10.780859375
59.8833984375 10.775911458333333
59.885546875 10.778645833333334
59.906184895833334 10.7783203125
59.8673828125 10.780403645833333
59.8806640625 10.748567708333333
59.86927083333333 10.748307291666666
59.86276041666667 10.74921875
59.8794921875 10.762369791666666
59.872721354166664 10.772265625
59.88294270833333 10.783333333333333
59.89270833333333 10.748372395833334
59.874934895833334 10.749609375
59.86341145833333 10.7490234375
59.858463541666666 10.752083333333333
59.86438802083333 10.769986979166667
59.89381510416667 10.7470703125
59.8708984375 10.772005208333333
59.869075520833334 10.773502604166667
59.860026041666664 10.777473958333333
59.86536458333333 10.760546875
59.9044921875 10.749934895833333
59.874674479166664 10.76484375
59.859440104166666 10.778385416666667
59.91041666666667 10.7572265625
59.90078125 10.7814453125
59.877018229166666 10.749544270833333
59.886393229166664 10.784765625
59.85963541666667 10.783203125
59.884765625 10.763932291666666
59.86178385416667 10.737565104166666
59.87265625 10.77421875
59.86953125 10.761328125
59.888020833333336 10.744986979166667
59.912890625 10.765755208333333
59.878971354166666 10.75703125
59.873372395833336 10.7466796875
59.880924479166666 10.756640625
59.867578125 10.7818359375
59.85826822916667 10.735546875
59.8669921875 10.782161458333333
59.86119791666667 10.755338541666667
59.857421875 10.7849609375
59.9123046875 10.768619791666667
59.8873046875 10.744596354166667
59.876171875 10.7810546875
59.873372395833336 10.7455078125
59.867252604166666 10.760221354166667
59.87109375 10.749348958333334
59.901432291666666 10.7796875
59.90735677083333 10.775846354166667
59.86966145833333 10.739127604166667
59.86569010416667 10.776106770833334
59.85911458333333 10.776888020833333
59.870703125 10.738541666666666
59.910807291666664 10.75703125
59.89401041666667 10.779427083333333
59.9056640625 10.776432291666667
59.85598958333333 10.735872395833333
59.87734375 10.761067708333334
59.89244791666667 10.743424479166666
59.87740885416667 10.761263020833333
59.881510416666664 10.777083333333334
59.8640625 10.7748046875
59.86868489583333 10.739713541666667
59.883984375 10.763606770833333
59.89622395833333 10.779947916666666
59.8955078125 10.74765625
59.857747395833336 10.76484375
59.8833984375 10.776627604166666
59.867513020833336 10.7806640625
59.89134114583333 10.786328125
59.910807291666664 10.771028645833333